244
87
-8454
5551
1603
1271
4332
3301
-2774
3040
-4605
-2509
6897
7705
-4837
-7611
-4560
1013
6898
-1289
-6903
3213
-6223
-4280
7100
7726
9261
9363
7080
6369
6114
-3342
6905
579
-8067
-2304
-7325
-3961
8798
4259
-5919
3130
9727
-4094
1214
2065
5144
-4489
9410
-1952
-5158
5319
-5557
3984
-9587
5278
1506
-8125
-3075
-7692
-1008
-1402
-861
7339
7960
-6752
-2391
8658
-579
3104
4645
2539
532
-2005
-8112
1968
-2211
-6945
2162
5459
2780
6215
-6252
-215
715
5829
-7261
-7223
1404
-3638
7685
-8024
-9330
2289
2285
2339
5222
104
-5457
-6944
